111111111111111111111111111111111111110000000000000000000000000000000000000001111111111111110000000000001100000000000000000000000000011110000000000000000000001111111111111110000000000111111110000111111111111111111111111111111111111111111111111111111111111111111111111111111111111111111111111111111111
111111111111111111111111101000101111101000100000000000000000000000000000000000111111111111110000000000000000000000000000000000000011111110000000000000000000001111111111111111100000000011111110000111111111111111111111111111111111111111111111111111111111111111111111111111111111111111111111111111111111
111111111111111111111100000000000000000011011000000000000000000000000000000000011111111111111100000000000000000000000000000000000000000111000000000000000000001111111111111111111000000011111110000111111111111111111111111111111111111111111111111111111111111111111111111111111111111111111111111111111111
111111111111111111111110000001000000000000000000000000000000000000000000000000001111111111111110000000000000000000000000000000000000000000000000000000000000000111111111111111111100000000000000000011111111111111111111111111111111111111111111111111111111111111111111111111111111111111111111111111111111
111111111111111111111111111111111111000000000000000000000000000000000000000000001111111111111110000000000000000000000000000000000000000001110000000000000000000000111111111111111111000000000000000001111111111111111111111111111111111111111111111111111111111111111111111111111111111111111111111111111111
111111111111111111111111111111111111111111000000000000000000000000000000000000001111111111111100000000000000000000000000000000000000000000111100000000000000000000011111111111111111110000000000000000111111111111111111111111111111111111111111111111111111111111111111111111111111111111111111111111111111
111111111111111111111111111111111111111111111111110101111100000000000000000000001111111111111110000000000000000000000000000000000000000000111110000000000000000001111111111111111111111000001000000000011111111111111111111111111111111111111111111111111111111111111111111111111111111111111111111111111111
111111111111111111111111111111111111111111111111111111111100000000000000000000000111111111111111000000000000000000000000000000000000000000000000000000000000000011111111111111111111111111111100000000011111111111111111111111111111111111111111111111111111111111111111111111111111111111111111111111111111
111111111111111111111111111111111111111111111111111111110000000000000000000000000111111111111111110000000000000000000000000000000000000000000000000000000000000000111111111111111111111111111111100001111111111111111111111111111111111111111111111111111111111111111111111111111111111111111111111111111111
111111111111111111111111111111111111111111110001111111111110000000000000000000000111111111111100111110000000000000000000000000000000000000000000000000000000000000011111111111111111111111111111110011111111111111111111111111111111111111111111111111111111111111111111111111111111111111111111111111111111
111111111111111111111111111111111111111111110000000000001111000000000100011111000011111111111111111100000000000000000000000000000000000000000000000000000000000000001111111111111111111111111111110111111111111111111111111111111111111111111111111111111111111111111111111111111111111111111111111111111111
111111111111111111111111111111111111111111000000000000000000000000000000111111111000111111111111111000000000000000000000000000000000000000000000000000000000000000000011111111111111111111111111111111111111111111111111111111111111111111111111111111111111111111111111111111111111111111111111111111111111
111111111111111111111111111111111100011110000000000000000000000000000000100110011110111111111111110000000000000000000000000000000000000000000000000000000000000000000000011111111111111111111111111111111111111111111111111111111111111111111111111111111111111111111111111111111111111111111111111111111111
111111111111111111111111111111111101111110000000000000000000000000000000000100011111001111111111100000000000000000000000000000000000000000000000000000000000000000000000001111111111111111111111111111111111111111111111111111111111111111111111111111111111111111111111111111111111111111111111111111111111
111111111111111111111111111111111011000000000000000000000000000000000000000001111111111111111110000000000000000000000000000000000000000000000000000000000000000000000000000001111111111111111111111111111111111111111111111111111111111111111111111111111111111111111111111111111111111111111111111111111111
111111111111111111111111111111111100000000000000000000000000000000000000000000000000001111000000000000000000000000000000000000000000000000000000000000000111100000001100000000000011111111111111111111111111111111111111111111111111111111111111111111111111110111111111111111111111111111111111111111111111
111111111111111111111111111111111100000000000000000000000000000000000000000000000000000000000000000000000000000000000000000000000000000000000000000000000011111100001111111100000000111111111111111111111111111110111111111111111111111111111111111111111111110111111111111111111111111111111111111111111111
111111111111111111111111000010000000000000000000000000000000000000000000000000000100000000000000000000000000000000000000000000000000000000000000000000000011111111111111111110000000011111111111111111111111111100111111111111111111111111111111111111111111111111111111111111111111111111111111111111111111
111111111111111111111000000000000000000000000000000000000000000000000000000000010100000000000000000000000000000000000000000000000000000000000000000000000001111111111111111111111111111111111111111111111111111110111111111111111111111111111111111111111111111111111111111111111111111111111111111111111111
111111111111111111111000000000000000000000000000000000000000000000000000000000000000000000000000000000000000000000000000000000000000000000000000000000000000011111111111111111111111111111111111111111111111111111111111111111111111111111111111111110111111111111111111111111111111111101111111111111111111
111111111111111000000000000000000000000000000000000000000000000000000000000000000000000000000000000000000000000000011000000000000000000000000000000000000000000111111111111111111111111111111111111111111111111111001111111111111111111111111111111110111111111111111111111111111111111111111111111111111111
111111111111100000110000000011111111100000000000000000000000000000000000000000000000000000000000000000000000000001111110000000000000000000000000000000000000000001111111111111111111111111111111111111111111111111001111111111111111111111111111111111111111111111111111111111111111111111111111111111111111
111111111110011111100000011111111111111111000000000000000000000000000000000000000000000000000001111000000110000111111111111000011000000000000000000000000000000000111111111111111111111111111111101111111111111111001111111111111111111111111111111111111111111111111111111111111111111111111111111111111111
111111111111111111110011111111111111111111111101000000000000000000000000000000000000000000111111111111111111111111110111110110000000000000000000000000000000000000000111111111111111111111111111101111111111111111001111111111111111111111111111111111111111111111111111111111111111111111111111111111111111
111111111111111111111111111111111111111111111000000000000000000000000000000000000000000000011111111111111111111111110011111110000000000000000000000000000000000000000011111111111111111111111111101111111111111111011111111111111111111111111111111111111111111111111111111111111111111111111111111111111111
111111111111111111111111111111111111110001111111000000000000000000000000000000000000000000000011111111111111111111110111111111111100000000000000000000000000000000000001111111111111111111111111110111111111111111111111111111111111111111111111111111111111111111111111111111111111111111111111111111111111
111111111111111111111111111111111111110000000000000000000000000000000000000000000000000000000000011111111111111111110011111111111111110000000000000000000000000000000000111111111111111111111111110111111111111111111111111111111111111111111111111111111111111111111111111111111111111111111111111111111111
111111111111111111111111111111111111110000000000000000000000000000000000000000000000000000000000000110111111111111000000001111111111110001111111111100000000000000000000111111111111111111111111110111111111111111111111111111111111111111111111111111111111111111111111111111111111111111111111111111111111
111111111111111111111111111111111111110000000000000000000000000000000000000000000000000000000000000000111111111111000000000000000001111111111111111100000000000000000000001111111111111111111111110111111111111111101111111111111111111111111111111111111111111111111111111111111111111111111111111111111111
111111111111111111111111111111111111111110000000000000000000000000000000000000000000000000000000000000000000011100000000000000000011111111111111111110000000000000000000011111111111111111111111110111111111111111101111111111111111111111111111111111111111111111111111111111111111111111111111111111111111
111111111111111111111111111111111111111111100000000000000000000000000000000000000000000000000111000000000000000000000000000000011111111111111001111110110011000000011111111111111111111111111111110111111111111111100001111111111111111111111111111111111111111111111111111111111111111111111111111111111111
111111111111111111111111111111111111111111111000000000000000000000000000000000000000000000000111111110000000000000000000000000111111111111111100111111111111111000011111111111111111111111111111111111111111111111100001111111111111111111111111111111111111111111111111111111111111111111111111111111111111
111111111111111000000000001111111111111111100000000000000000000000000000000000000000000000000001111111111111111111111000000000000000000000011100111111111111111111111111111111111111111111111111110011111111100111100001111111111111111111111111111111111111111111111111111111111111111111111111111111111111
111111111111110000000000000000000011111111100000000000000000000000000000000000000000000000000000111111111111111111111111111000000000000000110001111111111111111111111111111111111111011111110000000000000000000011101111111111111110111111111111111111111111111111111111111111111111111111111111111111111111
011111001111100000000000000000000000000000000000000000000000000000000000000000000000000000000000001111111111111111110000001110000011111111111100111111111111111111111111100000001111011100000000000000000000000001101111111111111111111111111111111111111111111111111111111111111111111111111111111111111111
111111111111111000000000000000000000000000000000000000000000000000000000000000000000000000000000001111111111111111110000000000000011111111111111111111111111111111111111010001111111000000000000000000000000000000010111111111111111111111111111111111111111111111111111111111111111111111111111111111111111
111111111111111111111000000000000000000000000000000011111000000000000000000000000000000000000000001011111111111111111000000000010111111111001111111111111000111111111101110000011111100000000000000000000000000000000111111111111111111011111110000111111111111111111111111111111111111110111111111111111111
111111111111111111111110000000000000000000000000000000000000000001100011000000000000000000000000001111111111111111111100000000011111111110001111111111111111101111111111111100001111100000000000000000000000000000000011111111111011111111111111000000011111111111111111111111111111111111111111111111111111
111111111111111111111111000000000000000000000000000000000000000000000000000011011110110000000111111111111111111111111111001101111111111111011111111111111111111111111111111111111101000000000000000000000000000000000000111111111111111111111111110000000111111111111111111111111111111111111111111111111111
111111111111111111111111000000000000000000000000000000000000001111110000000000000000000000001111111111111111111111111111111111111111111111111111001111111111111111111110011111111111000000000000000000011111110000000000011111111111111111110111111111111111111111111111111111111111111111111111111111111111
111111111111111111111111000000000000000000000000001111111101111111111100000000000000111111111111111111111111111111111110111111111111111111111111111111111111111111111111111111111111111111000001111111111111111110000000001111111111111111111111111111111111111111111111111111111111111111111111111111111111
111111111111111111111111000000000000000000000111111111111111111111111110000000001111111111111111111111111111111111111011111111111111111111111111111111111111111111111111111111110011111111100001111111111111111111000000000111111111111111111111111111111111111111111111111111111111111111111111111111111111
111111111111111111111111111000000000000000000111111111111111111111111110001111111111111111111111111111111111111111111111111111111111111111111111111111111111111111111111111011111110001111111100011111111111111111100000000011111111111111111111111111111111111111111111111111111111111111111111111111111111
111111111111111111111111111100000000000000000111111111111111110111111111111111111111110111111111111111111111111111111111111111111111111111111111111111111111111000000011111101111111111111111111111111111111111111110000000011111111111111111111111111111111111111111111111111111111111111111111111111111111
111111111111111111111111111100000000000001000111111111111111100111011111111111111111111111111111111111111111111111111111111111111111111111111111111111100001000000000010111110111111111111111111111111111111111111110000000001111111111111111111111111111111111111111111111101111111111111011111111111111111
111111111111111111111111111000000000001111100111111111111110000011111111111111111111111111111111111111111111111111111111111111111111111111111111111111111111111000000011110011111111111111111111111111111111111111111000000000111111111111111111111111111111111111111111101111111111111111111111111111111111
111111111111111111111111100000000011111111111111111111111111000001111111111111111111111111100001111111111111111111111111111111111111111111111111111111111100001110000011111111111111111111111111111111111111111111111100000000011111111111111111111111111111111111111111100000001100000011111111111111111111
111111111111111111011111111110000001111111111111111111111111110001111111111111111111111111111111111111111111111111101110011111111111111111111111111111011100000110000000011111111111111111111111111111111111111111101111100000011111111111111111111111111111111111100000000001000010001111111111111111111111
111111111111110111111111111111111111111111111111111111111111111111111111111111110011111111111111111111111110011000001111011111111111111111111111111111111110000000000001011111111111111111111111111101011111111111101111100000000111111111111111111111111111111111000000111100101111100111111111111111111111
111111000000000000000111100011111111111111111111111111111111111111111111111111111111111111111111111111111111110001000001111111111111111111111111111111111111111000000011110111110011111111111111100011111111111111101111100000000011111111111111111111111111111111111111000000001111010111111111111111111111
111111111010000000000000000011111111111111111111111111111111111111111111111111110011101111111111111111111111100011100111111111111111111111111111111111111111111111111111111111111111101111111111111111111111111111000001110000000000111111111111111111111111011111111110000000000000111111111111111111111111
111111111111111000000001100000011111111111111111001111111111111111111111111111111111111111111111111111111111000011111111111111111111111111111111111111111111111111111111111111111111111111111111111111111111111111111000111111000000011111111111111111111110111111110000000000000000111111111111111111111111
111111111100000000000000000000011111111111111111111111111111111111111111111111111111111111111111111111111111000101111111111111111111111111111111111111111111111111111111111111111111111111111111000111111111111111111110111100100000000111111111111111111111111111111111100000000001111111111111111111111111
000000000000000000000000000000011111111111111111111111111111111111111111111111111111111111111111111111111111110111111111111111111111111111111111111111111111111111111111111111111111111111111110011111111111111111111111111111001000000011111111111111111110111111111111110000000001111111111111111111111111
000000000000000000000000000000011111111111111111111111111111111111111111111111111111111111111111111111111111111011111111111111111111111111111111111111111111111111111111111111111111111101111111111111111111111111111111111111100100000000111111111111111111111111111111111000000011111111111111111111111111
111100000010000000000000000000111111111111111111111111111111111111111111111111111111111111111111111111111111111111111111111111111111111111111111111111111111111111111111111111111111111100011111111111111111111111111111111111110011000000011111111111111111111111111111110000000111111111111111111111111111
111110001111111100000000000000111111111111111111111111111111111111111111111111111111111111111111111111111111111111111111111111111111111111111111111111111111111111111111111111111111111111111111111111111111111111111111111111110111110000001111111111111111111111111111111110011111111111111111111111111111
111110011111111111000000000000110111111111111111111111111111111111111111111111111111111111111111111111111111111111111111111111111111111111111111111111111111111111111111111111111011111111111111111111111111111111111111111111111111111100000111111111100111111111111111111111111111111111111111111111111111
111110111111111111000000000000101111111111111100111111111111111111111111111111111111111111111111111111111111111111111111111111111111111111111111111111111111111111111111111111111111111111111111111111111111111111111111111111111111111111000011111111111111111111111111111111111111111111111111111111111111
111110111111111111000000000000001111111111111100111111111111111111111111111111111111111111111111111111111111111111111111111111111111111111111111111111111111111111111111111111111111111111111111111111111111111111111111111100111111111111111111111111111111111111111111111111111111111111111111111111111111
111101111111111111000000000000011111111111111001111111111111111111111111111111111111111111111111111111111111111111111111111111111111111111111111000011000000000000000011111111111111111111111111111111111111111111111111111111111111111111111111111111111111111111111111111111111111111111111111111111111111
111111111111111100000000000000011111111111111011111111111111111111111111111111111111111111111100011111110000011111111111111111111111111111111111111111111111111111111111111111111111111111111111111111111111111111111111111111111110001000111100111111111111111111111111111111111111111111111111111111111111
111111111111111000000000000000011111111111111011111111111111111111111111111111111111111111111111111111111111111111111111111111111111111111111111111111111111111111111111111111111111111111111111111111111111111111111111111111111111111111111111111111111111111111111111111111111111111111111111111111111111
111111111100000000000000000000011111111111111011111111111111011111111111111111111111111111111111111111111111111111111111111111111111111111111111111111111111111111111111111111111111111111111111111111111111111111111111111111111111111011111111111111111111111111111111111111111111111111111111111111111111
111111111100000000000000000000011111111111111011111111111110111111111111111111111111111111111111111111111111111111111111111111111111111111111111111111111111111111111111111111111100111111111111111111111111111111111111111111111111111111111111111111111111111111111111111111111111111111111111111111111111
111111111100000000000000000000001111111111111011111111111101111111111111111111111111111111111111111111111111111111111111111111111111111111111111111111111111111111111100000000111111111111111111111111111111111111111111111111111111111111111111111111111111111111111111111111111111111111111111111111111111
111111110000000000000000000000000111011110000011111111111001111111111111111111111111111111111111111111111111111111111111111111111111111111111111111111111111111000000000000011111111111111111111111111111111111111111111111111111111111111111111111111111111111101111111111111111111111111111111111111111111
111111100000000000000000000000000000000000000001111111111101111111111111111111111111111111111111111111111111111111111111111111111111111111111111111111111111111111111100011111111111111111111111111111111111111111111111111111111111111111111111111111111111111111111111111111111111111111111111111111111111
111000000000000000000000000000000000000000000000111111111001111111111111111111111111110011111111111111111111111111111111111111111111110001111111111111111111111111111111111111111111111111111111111111111111111111111111111111111111111111111111111111111111110000011111111111111111111111111111111111111111
100000000000000000000000000000000000000000000000000000001101111111111111111111111111100111111111111111111111111111111111111111111111000111111111111111111111111111111111111111111111111111111111111111111111111111111111111111111111111111111111111110000000000000111111111111111111111111111111111111111111
111111100000000000000000000000000000000000000000000000000011111111111111111111111111011111111111111111111111111111111111111111111110001111111111111111111111111111111111111111111111111111111111111111111111111111111111111111111111111111111111111111011000000011111111111111111111111111111111111111111111
111111111111000000000000000000000000000000000000000000000001111111111111110011111110111111111111111111111111111111111111111111111000111111111111111111111111110111111111111111111111111111111111111111111111111111111111111111111111111111111111111111111111111111111111111111111111111111111111111111111111
111111111111111111111111000000000000000000000000000000000000111111111111110001111101111111111111111111111111111111111111111111110011111111111111111111111111111011111111111111111111111111111111111111111111111111111111111111111111111111111111111111111111111111111111111111111111111111111111111111111111
111111111111111111111111111111000000000001111110010000000000000111111111110000111001111111111111111111111111111111111111111111000111111111111111111111111111111111111111111111111111111111111111111111111111111111111111111111111111111111111111111111111111111111111111111111111111111111111111111111111111
111111111111111111111111111111111111111111111010000000000000000000000000000000010011111111111111111111111111111111111111111110001111111111111111111111011111111111111111111111111111111111111111111111111111111111111111111111111111111111111111111111111111111111111111111111111111111111111111111111111111
111111111111111111111111111111111111111111111111100000000000000000000000000000000011111111111111111111111111111111111111111000011111111111111111111111110011111111111111111111111111111111111111111111100111111111111111111111111111111111111111111111111111111111111111111111111111111111111111111111111111
111111111111111111111111111111111111111111111111111110000000000000000000000000000000111111111111111111111111111110011111110001111111111111111111111111111100011111111111111111111111111111111111111111111111111111111111111111111111111111111111111111111111111111111111111111111111111111111111111111111111
111111111111111111111111111111111111111111111111111110111101011110000000000000000000001111111111111111111111111111001111100011111111111111111111111111111111000111111111111111111111111111111111111111001111111111111111111111111111111111111111111111111111111111111111111111111111111111111111111111111111
111111111111111111111111111111111111111111111111111111111011110000000000000000000000000000000000001111111110111000000111000111111111111111111111111111111111110011111111111111111111111111111111111111111111111111111111111111111111111111111111111111111111111111111111111111111111111111111111111111111111
111111111111111111111111111111111111111111111111111111111111110000000000000000000000000000000000000000000000000000000111001111111111111111111111111111111111110111111111111111111111111111111111111111011111111111111000111111111111111111111111111111111111111111111111111111111111111111111111111111111111
111111111111111111111111111111111111111111111111111110011111100000000000000111110000000000000000000000000000000000000100110001111111111111111111111111111111111111111111111111111111111111111111110000000111111111111000111111111111111111111111111111111111111111111111111111111111111111111111111111111111
111111111111111111111111111111111111111111111111111111110000000101100000001111111000000000000000000000000000000000001000000000001111111111111111111111111111111111111111111111111111111111111111100001100001111111111111111111111111111111111111111111111111111111111111111111111111111111111111111111111111
111111111111111111111111111111111111111111111111111111110001111110000100110011100000000000000000000000000000000000000000000000000000001111111111111111111111110011111111111111111111111111111100000111111000011111111111111111111111111111111111111111111111111111111111111111111111111111111111111111111111
111111111111111111111111111111111111111111111111111111111111111111011100110000000000000000000000000000000000000000000000000000000000000011111111111111111111111011111111111111111111111111100001111111111110001111111111111111111111111111111111111111111111111111111111111111111111111111111111111111111111
111111111111111111111111111111111111111111111111111111111111111111111111100011111110000000000000000000000000000000011000000000000000000000000001111111111110000001111111111111111111111110001111111111111111110111111111111111111111111111111111111111111111111111111111111111111111111111111111111111111111
111111111111111111111111111111111111111111111111111111111111111111111111111111111111111111111100000000000000000000000000000000000000000000000000000000000000000000111101111111111111100000111111111111111111111101111111111111111111111111111111111111111111111111111111111111111111111111111111111111111111
111111111111111111111111111111111111111111111111111111111111111111111111111111111111111111100000000000000000000000000000000000000000000000000000000000000000000000011111111111111110000011111111111111111111111110001111111111111111111111111111111111111111111111111111111111111111111111111111111111111111
111111111111111111111111111111111111111111111111111111111111111111111111111111111111111111000000000000000000000000000000000000000000000000000000000000000000000000011111111111111100011111111111111111111111111110000011111111111111111111111111111111111111111111111100001111111111111111111111111111111111
111111111111111111111111111111111111111111111111111111111111111111111111111111111111111111111100000000000000000000000000000000000000000000000000000000000000000000001110111111100000111111111111111111111111111111100001111111111111111111111111111111111111111111111000000011111111111111111111111111111111
111111111111111111111111111111111111111111111111111111111111111111111111111111111111111111110100000000000000000000000000000001110000000000000000000000000000000000000111111100000011111111111111111111111111111111100001111111111111111111111111111111111111111111110000001000111111111111111111111111111111
