111111111111111111111110000000000000000000000000000000000000000000000000000001111111111110000000000000000000000000000000000000000000000000000000000000000000000000000001111111000000000000000000000000000000000000000000000111111111111110000000000000000111111111111111111100001111111111111111111111111111
111111111111111111100000000000000000000000000000000000000000000000000000000000011111111111100000000000000000000000000000000000000000000000000000000000000000000000000011110111110000000000000000000000000000000000000000000011111111111111100000000011000000111111111111111110000111111111111111111111111111
111111111111111111100000000000000000000000000000000000000000000000000000000000000111111111100000000000000000000000000000000000000000000000000000000000000000000000000000000001111000000000000000000000000000000111000000000011111111111111000000000000000000111111111111111111111111111111111111111111111111
111111111111111111100000000000000000000000000000000000000000000000000000000000000111111111100000000000000000000000000000000000000000000000000000000000000000000000000000000000111110000000000000000000000000001111100000000111111111111111111111110000000001111111111111111111110000011111111111111111111111
111111111111111111110011111100000000000000000000000000000000000000000000000000000011111111100000000000000000000000000000000000000000000000000000000000000000000000000000010001111111100000000000000000000000111111100011000111111100000000000111111111000000010111111111111111111111111111111111111111111111
111111111111111111111111110000000000000000000000000000000000000000000000000000000111111111100000000000000000000000000000000000000000000000000000000000000000000000000000111111111111110000000000000000000001111111110000000001111100000000000000011111111111111111111111111111111111111111111111111111111111
111111111111111111111111100000000000000000000000000000000000000000000000000000000011111111001000000000000000000000000000000000000000000000000000000000000000000000000000001111100000011000000000000000000011111111111000000000100000000000000000000000001111111111111111111111111111111111111111111111111111
111111111111111111111111100000000000000000000000000000000000000000000000000000000011111111000000000000000000000000000000000000000000000000000000000000000000000000000000111111100000011111111110000000000011111111111000000000000000000000000000000000000011111111111111111111111111111111111111111111111111
110011111111111111111111110000000000000000000000000000000000000000000000000000000011111111100000000000000000000000000000000000000000000000000000000000000000000000000000011111000000001111111100000000000011111111111110000000000000000000000000000000000011111111111111111111111111111111111111111111111111
110011111111111111111111100000000000000000000000000000000000000000000000000000000000111111110000000000000000000000000000000000000000000000000000000000000000000000000000001110000000000111111000000000111110011111111110000000000000000000000000000000011111111111111111111111111111111111111111111111111111
110011111111111111111111000000000000000000000000000000000000000000000000000000000000011111000000000000000000000000000000000000000000000000000000000000000000000000000000000000000000000001111100000001111111000011111111100000000000000000000000000000001111111111111111111111111111111111111111111111111111
110011111111111111111100000000000000000000000000000000000000000000000000000000000000011110000000000000000000000000000000000000000000000000000000000000000000000000000000000000000000000000000000000001111111111000000111111101100000000000000000100000000111011111111111111111111111111111111111111111111111
111111111111111111111100000000000000000000000000000000000000000000000000000000000000000000000000000000000000000000000000000000000000000000000000000000000000000000000000000000000000000000000000000001111111111111110011111111111111000000000111111111111111110011111111111111111111111111111111111111111111
111111111111111001110000000000000000000000000000000000000000000000000000000000000000001110000000000000000000000000000000000000000000000000000000000000000000000000000000000000000000000000000000000000111111111111111111111111111111100000001111111111111111111011111111111111111111111111111111111111111111
111111111111111000000000000000000000000000000000000000000000000000000000000000000000011110000000000000000000000000000000000000000000000000000000000000000000000000000000000000000000000000000001000011011111111111111111111111111111000011111111111111111111111011111111111111111111111111111111111111111111
111111111111110000000000000000000000000000000000000000000000000000000000000000000000000000000000000000000000000000000000000000000000000000000000000000000000000000000000000000000000000000000000100000111111111110100111111111110000000011111111111111111111111011111111111111111111111111111111111111111111
111111111111110000000000000000000000000000000000000000000000000000000000000000000000000000000000000000000000000000000000000000000000000000000000000000000000000000000000000000000000000000000001100000111111111110000111111111111110000001111111111111111111111011111111111111111111111011111111111111111111
111111111111110000000000000000000000000000000000000000000000000000000000000000000000000000000000000000000000000000000000000000000000000000000000000000000000000000000000000000000000000000000011000000111111111110000111111111111111111000110001111111111111111111111111111111111111111011111111111111111111
111111111111110000000000000000000000000000000000000000000000000000000000000000000000000000000000000000000000000000000000000000000000000000000000000000000000000000000000000000000011111111110000000000111111111110001111111111111111111110110100111100111111111111111111111111111111110001111111111111111111
111111111111100000000000000000000000000000000000000000000000000000000000000000000000000000000000000000000000000000000000000000000000000000000000000000000000000001110000000000000000111111111111000000000011111111000111111111111111111111111010011100110011110011111111111111111111111000111111111111111111
111111111101100000000000000000000000000000000000000000000000000000000000000000000000000000000000000000000000000000000000000000000000000000000000000000000000000000110000000000000000000111111111100000000000001111001111111111111111111111111111001100110011111011111111111111111111111001111111111111111111
111111111000000000000000000000000000000000000000000000000000000000000000000000000000000000000000000000000000000000000000000000000000000000000000000000000000000000000000000000000000000000111111100000001111000110000111111111111111111111111111101110111111110111111111111111111111111100111001111111111111
111111000000001110000000000000000000000000000000000000000000000000000000000000000000000000000000000000000000000000000000000000000000000000000000000000000000000000000000000000000000000000000011100111111111100111000011111111111111111111111111111110111111111011111111111111111111111100111001111111111111
111111000000001111000000000000000000000000000000000000000000000000000000000000000000000000000000000000000000000000000000000000000000000000000000000000000000000000000000000000000000000000000000000011111111100111000000011111111111111111111111111110111111110111111111111111111111111110011000111111111111
111110111111111111100000000000000000000000000000000000000000000000000000000000000000000000000000000000000000000000000000000000000000000000000000000000000000000000000000000000000000000001110000000000001111100111000100111111111111111111111111111110111111111111111111111111111111111111011100111111111111
111111111111111111000110000000000000000000000000000000000000000000000000000000000000000000000000000000000000000000000000000000000000000000000000000000000000000000000000000000000000000000000011000000000010000111100011111110111111111111111111111111111111111111111111111111111111111111111100111111111111
111111111111111111101100000000000000000000000000000000000000000000000000000000000000000000000000000000000000000000000000000000000000000000000000000000000000000000000000000000000000000000000000000000000000000111000111111111111111111111111111111111111111111111111111111111111111111111111111111111111111
111111111111111000011111000010000000000000000000000000000000000000000000000000000000000000000000000000000000000000000000000000000000000000000000000000000000000000000000000000000000000000000001000000000011100111100101111111111111111111111111111111111111111111111111111111111111111111111111111111111111
111111111111111001111111001111000000000000000000000000000000000000000000000000000000000000000000000000000000000000000000000000000000000000010000000000000000000000000000000000000000000000000001100000000001100111101101111111111111111111111111111111111111110011111111111111111111111111111111111111111111
111111111111111100000010001100000000000000000000000000000000000000000000000000000000000000000000000000000000000000000000000000000000000001111100000000000000000000000000000000000000000000000011110000000001110111110001111111111111111111111111111111111111110011111111111111111111111111111111111111111111
111111111111111000000000000000000010000000000000000000000000000000000000000000000000000000000000000000000000000000000000000000000000000011111000000000000000000000000111110000000000000000000111110000000001111111110000111111111110010111111111111111111111110011111111111111111111111111111111111111111111
111111111111110000000000000000000000000000000000000000000000000000000000000000000000000000000000000000000000000000000000000000000000000001110000000000000000000000001111111100000000000000011111110011000011110111000000111111111100000111111111111011111111111011111111111111111111111111111111111111111111
111111111111110000000000000000000000000000000000000000000000000000000000000000000000000000000000000011111000100000000000000000000000000000011000000000000000000000011111111110000000000000001100000000000000000001000000011110111000000111111111110011111111111111111111111111111111111111111111111111111111
000000011011100000000000000000000000000000000000000000000000000000000000000000000000000000000000000111111001000000000000000000000000000000000000000000000000000000111111000000000000000000000000000000000000000001000010111100000000000010111111110011111111111111111111111111111111111111111111111111111111
011000000011000000000000000000000000000000000000000000000000000000000000000000000000000000000000000110010000000000000000000000000011111111111100111101111000000000111110000000000000000000000000000000000000000000000011110000000000001100000000000001111111111111111111111111011111111111111111111111111111
111111111111111000000000000000000000000000000000000000000000000000000000000000000000000000000000000110000000011111100000000000000111111111011111111111110000000000111010000000011110000000000000000000000000000000000011111111110000000000000000001111111111111111101111111111111111111111111111111111111111
111111111111111111111000000000000000000000000000000000110000000000000000000000000000000000000000000000111111000111110000000000000111110000011110111111100000000001111100000000011111100000000000000000000000000000000011111111111111111000000000000000011111111111110111111111111111110000000010001111111111
111111111111111111111000000000000000000000000000000000000000000000000000000000000000000000000000001111001111000001110000000000000001110000011110011110000000011111100000001110000110000000000000000000000000000000000000111111111000111111000000000000000111110011111111111111111111111111110010011100111111
111111111111111111111100000000000000000000000000000000000000000000000000000000000111000000000001111111111111001111111000000000111111111100110010011001111111111111110000011111111000000000000000000000000000000000000000011111111101000010000010010000000000111111111111111111111111111111111111111111111111
111111111111111111111100000000000000000000000000000000000000011111110000000000000000000000001111111111111111100011100101111111111111111111111100000011111111111111111111000111111111000000000000000000011000000000000000001111111111111111111110011111110000110111111111111111111111111111111111000001111111
111111111111111111111000000000000000000000000000011111110001111111111000000000001001111111111111111111111111110000000000000000111111111111111111111111111111111111111111110000011011111111000001000111111100000000000000000111111111111111111111111111111110000000111111111111111111111100011111111011111111
111111111111111111111000000000000000000000000011111111111111111111111100000000011111111111111111111111111111110000000000000111111111111111111111111111111111111111110111111001100000011111100000001111111111111000000000000111111111111111111111111111111111111100000111111111111111111000011111111111111111
111111111111111111111000000000000000000000000011111111111111111111100100001111111111111111100111111111111111111111111000011111111111111111111111111111111111111000000111111100110000000111111110001111111111111111000000000011111111111111111111111111111111111100000000000011111111100000011111111111111111
111111111111111111110000000000000000000000000011111111110000000001100111111111111111000010000011111111111111111111111111111111111111111111111111111111111111110000000011111100011110111111111111111111111111111111100000000001111111111111111111111111111111111100000000000000000000000000001111111111111111
111111111111111111000000000000000000000000000001000011110000000000000111111111111010000000000011111111111111111111111111111111111111111111111111111111000000000000000000001100011111111111111111111111111111111111100000000000111111111111111111111111111111111100000000000000000000000000001111111111111111
111111111111111110000000000000000000000000001100111111111100000000111111111111111100111000000001111111111111111111111100111111111111111111111111111111111000100000000001100001111111111111111111111111111111111111100000000000011111111111111111111111111111111100000000000000000000000000000111111111111111
111111111111111100000000000000000010001111111111110111100110000001111111111111111000011011000000111111111111111111111000111111111111111111111111111111111000000000000000001000011111111111111111111111111101111111000110000000001111111111111111111111111111111000000000000000000000000000000011111111011111
111111111111111100011000000000000001111111111100011111111111110001111111111111100000001111111111110001111111100000001100111111111111111111111111111110000000000000000000000000011111111111111111111111111000100100001111100000000111111111111111111111111111110000000000000000000000000001111111111111111111
111110010000000000000000000000000000111111111111111111111111111111111111111111100000000011111111110000111100000000000000111111111111111111111111111111111110000000000000000001000011111111111111111000000000000000001111100000000011111111111111111111111111000111000000000000000000000011011111111111111111
111100000000000000000000000000000000011111111111111111111110000001111111111111111111101111111111111111111111000000000000100111111111111111111111111111111111111000000000000000010000011111111111000000101110000000001110000000000001111111111111111111111111001110001110000000000000000000000011111101111111
111111100000000000000000000000011111111111111111111111111111111111111111111001110111000111111111111111111110000000000001111111111111111111111111111111111111111111111111111111011111000111111111101111000111100011000000000000000000011111111111111111111110001111101100000000000000010000011111001111111111
111111111111000000000000000000001111111111111000000011111111111111111111111111111111111111111111111111111110000000011111111111111111111111111111111111111111111111111111111111111111111011111111111000000000100011111100010000000000001111111111111111111110011111110000000000000000010010011001100010011111
110000000000000000000000000000000111111111111000001111111001111110001111111111000111111111111111111111111110000000111111111111111111111111111111111111111111111111111111111111110111111111111111000000000001111111111110111110000000000011111111111111111000011111111011000000000000110000011000011110011011
000000000000000000000000000000001111111111111111111111111111111111111111111111111111111111111111111111000000111111111111111111111111111111111111111111111111111111111111111111111010111111111110000000000111111111111111111111000000000001111111111111111000011111111111000000000001100001111001111111111111
000000000000000000000000000000001111111111111111111111111111111111111111111111111111111111111111111111111111110000000011111111111111111111111111111111111111111111111111111111111100111000111110011111011111110111111111111111100000000000111110111111100000111111111111110000000001100011111111111111111111
011000000000000000000000000000011111111111111011111111111111111111111111111111111111111111111111111111111111111111111011111111111111111111111111111111111111111111111111111111100111001100011111111111111111111111111111111111100000000000001111111111000000011111111110100000000011001111111111111111111111
111100000000000000000000000000000111111111110001100111111111111111111111111111111111111111111111111111111111111111111111111111111111111111111111111111111111111111111111111111100011000111111111111111111111111111111111111111111011100000000111111000000000001111111111111111011110111111111111111111111111
111000001110000000000000000000000011111111100000011101111111111111111111111111111111111111111111111111111111111111111111111111111111111111111111111111111111111111111111110111110001111111111111111111111111111110110111111111111111111100000011110110000001111111111111111111111111111111111111111111111111
111000111111111100000000000000000000111111000000000111111111111111111111111111111111111111111111111111111111111111111111111111111111111111111111111111111111111111111111111111111011111111111111111111111111111111111110000000000111111111000000111111111111111111111111111111111111111111111111111111111111
111000111111111100000000000000000000011111100000000111111110111111111111111111111111111111111111111111111111111111111111111111111111111111111111000111111111111111111111101111111111011111111111111111111111111111111111111100000011111111111111111111111111111111111111111111111111111111111111101111111111
111001111111111000000000000000000000000011000000000011111100001111111111111111111111111111111111111111111111111111111111111111111111100000000000000000000000000000000000001101111111111111111111111111111111111111111111111111111111111000001110001111111111111111111111111111111111111111111111111111111111
110011111111110000000000000000000000000000000000000000111000000111111111111111111111111111110000011000000000000000000000001111011111111111111111111111110111111111111111111111100011111111111111111111111111111111111111111111110100000000000000000011111111111111111111111111111111111111111111111111111111
110001111110000000000000000000000000000000010000000000111100000111111111111111111111111111111111111111001111111111111111111111111111111111111111111111111111111111111111111100001111111111111111111111111111111110011111011111111111100000011111111011111111111111111111111111111111111111111111111111111011
111000011000000000000000000000000000000000110000000000111110000111111111111111111111111111111111111111111111111111111111111111111111110011111111111111111111111111111110000000111111111111111111111111111111111111111111111111111111111101111111111111111111111111111111111111111111111111111111111111111111
111111110000000000000000000000000000000000000000000000011100111111111111111111111111111111111111111111111111111111111111111111111111110001110001111111111111111111001000000000011001111111111111111111111111111111111111111111111111111111111111111111111111111111111111111111111111111111111111111111111111
111110000000000000000000000000000000000000000000000000001100111111111111101111111111111111111111111111111111111111111111111111111111110000011000011111111111111100001100000000011111111111111111111111111111111111111111111111111111111111111111111111111111111100111111111111111111111111111111111111100111
111000000000000000000000000000000000000000000000000000001001111111011111111111111111111111111111111111111111111101111111111111111111111000000011111111101111000000000000000001111111111111111111111111111111111111111111111111111111111111111111111111111110000000001111111111111111111111111111111111111111
000000000000000000000000000000000000000000000000000000000001111111100111111111111111111111111111111111111111111101111111111111111111110000000000111100000100000100000000000011111111111111111111111111111111111111111111111111111111111111111111111111100000000011100100000001001111111111111111111111111111
000000000000000000000000000000000000000000000000000000001001111111110000111111111111110011111111111111111111111100111111111111111111100000001111111110000000001000011100111111111111111111111111111111111111111111111111111111111111111111111111111000110000000000000011111111111111111111111111111111111111
000000000000000000000000000000000000000000000000000000000011111111111100001111111111000110111111111111111111111110111111000111111110000000001111111111100000000000111001111111111111111111111111111111111111111111111111111111111111111111111111110000000000000000111111111111111111111111111111111111111111
000000000000000000000000000000000000000000000000000000000001110111111111000011111110011111111111111100111111111111111110001111111100000110000001111111111000000000110001111111111111111111111111111111111111111111111111111111111111111111111111111110000000000001111111111111111111111111111111111111111111
000000000000000000000000000000000000000000000000000000000000000001111110000001111100111111111111111111000011001100111100011111110000011111110000011111111111100000110011111111111111111111111111111111111111111111111111111111111111111111111111111111111111111111111111111111111111111111111111111111111100
100000000000000000000000000000000000000000000000000000000000000000000000000001111000011111111111111111100000000100001000111111100000011111111110000011111111111000100111111111111111111111111111111111111111111111111111111111111111111111111111111111111111111111111111111111111111111111111111111111111101
111111111100000000000000000000000000000000000000000000000000000000000000000000110000011111111111111111111100000000000001111111000000111111111111000001111111111111100111111111111111111111111111111111111111111111111111111111111111111111111111111111111111111111111111111111111111111111111111111111111111
111111111111111000000000100000000000000000000000000000000000000000000000000000000000001111111111100111111110000001000011111100000000011111111111110000001111110011101111111111111111111111111111110011001110001111111111111111111111111111111111111111111111111111111111111111111111111111111111111111111111
111111111111111111001111100000000000000000000000000000000000000000000000000000000000000000011111100011111111110000000111110000000000001111111111111000000001110011001111111111111111111111111111111100000011000000001111111111111111111111111111111111111111111111111111111111111111111111111111111111111111
111111111111111111011110111110000000000000000000000000000000000000000000000000000000000000000000000000001110011000000000000000000000000011111111111100000000000011100111111111111111111111111111100000000001100000000000011111111111111111111111111111111111111111111111111111111111111111111111111111111111
111111111111111111111111111111111111000000000000000000000000000000000000000000000000000000000000000000000000000000000000000000000000000001111111110000000000000011001111111111111111111111111111100000100000011100000000001111111111111111111111111111111111111111111111111111111111111111111111110011111111
111111111111111111111111111111111111000000000000000000000000000000000000000000000000000000000000000000000000000000000000000000000000000000011111111000000010000011001111111111111111111111111111100000000000000110000000011111111111111111111111111111111111111111111111111111111111111111111111110111111111
111111111111111111111111111111111111000000000000000000000000000000000000000000000000000000000000000000000000000000000000000000000000000000000111111111000110000011011111111111111111000111111111110000000000000111100000011111111111111111111111111111111111111111111111111111111111111111111111111111111111
111111111111111111111111111111111111111100000000000000000000000000000000000000000000000000000000000000000000000000000000000000000000000000000111111110000100000011101111111111110000111111111111110000000000000011111000111111111111111111111111111111111111111111111111111111111111111111111111111111111111
111111111111111111111111111111111111111110111111000000000000000000000000000111100000000000000000000000000000000000000000000000000000000000000111110000000000000001101111111111100001111111111111000000000000000001111100111111111111111111111111111111111111111111111111111111111111111111111111111111111111
111111111111111111111111111111111111111111111100000000000000000000000000000001100000000000000000000000000000000000000000000000000000000000000000000000000000000001100111111100000111111111111000000000000000000000111111111111111111111111111111111111111111111111111111111111111111100011111111111111111111
111111111111111111111111111111111111111111111100000000000000000000000000000000000000000000000000000000000000000000000000000000000000000000000000000000000000000000100011000000011111111111000000000000000000000000011111111111111111111111111111111111111111111111111111111111111111010110011111111111111111
111111111111111111111111111111111111111111111111111000000000000000000000000000000000000000000000000000000000000000000000000000000000000000000000000000000000000000100000000011111111111110000000011111111100000000000101111111111111111111111111111111111111111111111111111111111111110000011101111111111111
111111111111111111111111111111111111111111111111111110011111110000000000000000000000000000000000000000000000000000000000000000000000000000000000000000000000000000000000001111111111110000000011111111111111000000000000111111111111111111111111111111111111111111111111111111111111111100111101111111111111
111111111111111111111111111111111111111111111111111111111111111111110000000000000000000000000000000000000000000000000000000000000000000000000000000000000000000000011000111111111111000000011111111111111111110000000000111111111111111111111111111111111111111111111111111111111110011011111100111111111111
111111111111111111111111111111111111111111111111111111111111111111111001111110000000000000000000000000000000000000000000000000000000000000000000000000000000000000000000000111111000000001111111111111111111111000000000111111111111111111111111111111111111111111111110001111111110011111111001111111111111
111111111111111111111111111111111111111111111111111111111111111111111111111111000000000000000000000000000000000000000000000000000000000000000000000000000000000000000000000001000000000011111111111111111111110000000000111111111111111111111111111111111111111111111000000011111100100101111101111111111111
111111111111111111111111111111111111111111111111111111111111111111111111111111000000000000000000000000000000000000000000000000000000000000000000000000000000000000000000000000000000000111111111111111111111000000000000111111111111111111111111111100111111111111110000000000001100000000111101111111111111
