01111111111100000000000000000000000000000000000000001111110000000000000000000000000000000000000000000000000000000000000000000000000000000000000000011111000000000000000000000000000000000000000000001111
01111111111000000000000000000000000000000000000000000001111000000000000000000000000000000000000000000000000000000000000000000000000000000000000000000000000000000000000000000100000000000000000000011111
11111111111100000000000000000000000000000000000000000000011000000000000000000000000000000000000000000000000000000000000000000000000000000000000000000000000000000000000000011111110000000000000000111111
11111111111100000000000000000000000000000000000000000000000000000000000000000000000000000000000000000000000000000000000000000000000000000000000000000000000000000000000000000011111100000000000100111111
11111111111000000000000000000000000000000000000000000000000000000000000000000000000000000000000000000000000000000000000000000000000000000000000000000000000000000000000001110001110000000000000111111111
11111111100000000000000000000000000000000000000000000000001000000000000000000000000000000000000000000000000000000000000000010000000000000000000000000000000000000000000001110000000000000000000111111111
10001111110000000000000000000000000000000000000000000000001000000000000000000000000000000000000000000000000000000000000000000000000000000000000000000000000000000000000000000000000000000000011111111111
11011111110000000000000000000000000000000000000000000000000000000000000000000000000000000000000000000000000000000000000000000000000000000000000000000000000000000000000000000000000000000111111111111111
11111111100000000000000000000000000000000000000000000000000000000000000000000000000000000000000000000000000000000000000000000000000000000000000000000000000000000000000100000000000001001111111111111111
11111111110000000000000000000000000000000000000000000000000000000000000000000000000000000000000000000000000000000000000000000000000000000100000000000000000000000000000000000111111111111111111111111111
11111111000000000000000000000000000000000000000000000000000000000000000000000000000000000000000000000000000000000000000000000000000000011110000100000100000000000000000000001111111111111001111111111111
11111111000000000000000000000000000000000000000000000000000000000000000000000000000000000000000000000000000000000000000000000000000000011110000100000111110000000000000000011111111111111001111111111111
11111110000000000000000000000000000000000000000000000000000000000000000000000000000000000000000000000000000000000000000000000000000000000100000111110011111111000000000000111111111111111110111111111111
11110000000000000000000000000000000000000000000000000000000000000000000000000000000000000000000000000000000000000000000000000000000000000000000111111111111111110000000110111111111111111110010011111111
11110000000000000000000000000000000000000000000000000000000000000000000000000000000000000000000000000000000000000000000000000000000000010011000011111111111111111000001110011111111111111110111011111111
11100000000000000000000000000000000000000000000000000000000000000000000000000000000000000000000000000000000000000000000000000000000000010011000001111111111111111100011100111111111111111100110011111111
00001000000000000000000000000000000000000000000000000000000000000000000000000000000000000000000000000000000000000000000000000000000000000000000000000001111111111110111100011111111111111100111011111111
00011111100000000000000000000000000000000000000000000000000000000000000000000000000000000000000000000000000000000000000000000000000000000000000001100111111111111111111110011111111111111100011111111111
01111111110000000000000000000000000000000000000000000000000000000000000000000000000000000000000000000000000000000000000000000001000000000001000001101111111111111111111110111111111111111000111110111111
11111111110000000000000000000000000000000000000000000000000000000000000000000000000000000000100000000000000000000000000000000011110000000111000001111111111111111111111110111111111111110000111111111111
11111111100000000000000000000000000000000000000000000000000000000000100000000000000000000000100000000000000001111000000000000001110000000100000011110000000111111111111111111111111111111111111111111111
00100010000000000000000000000000000000000000000000000000000000000001100000000000000000000000000000000000000001111100000000000000000000000000000001000000000011111000111111111111111111111111111111111111
00100110000000000000000000000000000000000000000000000000000000000000100000000000000000001110000000000000000011100000000000000000000000000000000000000000000001100001111111111111111111111011100111111111
01111111111000000000000000000000000000000000000000000000000000000000001000000000000000001100000000100000000000000000000000000000000000000000001110010000000000000001111111100111111111111111000000001111
11111111111110000000000000000000000000000000000000000000000000000000011100000000000010000000001000100001111100000111000100000000000000000000000111110000000000000000011111111111111111111111000000000111
11111111111111000000000000000000000000000011100000000000000000000111111000000000000011110000100000000001111111101111000000000000000000000000000001111111000100000000000001111111111111111111111100000111
11111111111111000000000000000000111111001111100000000011100011111111111000000000000011111111100000100000111110111000000000000000000111000000000000011111111111111100010000001111111111111000011110001111
11111101111110000000000000000001111111001111000000000111111110011111111100111000000111111111100011111111110000011100000000000000001111111100000000111111111111111111111100000100011110010000111111111111
11111000011100000000000000000000111000000000000010011111111000011111111111111111111111111111110111111110000000011110000001111111111111111110000000001111111111111111111000000000000000000000011111111111
11100011110000000000000000000000000000000000001111011100000000001111111111111111111111111111111111110000000000011100011111111111111111111110000000000111111111111111111100000000000000000000001111111011
11001111000000000000000000001000100011100000011111111000000000000011111100001000011111111111111111100000000000000000011111111111111100111000011000000011111111111111111100000000000000000000001111111111
00111110000000000000000011111111001111111000011111100000001111100000000000000000111111111111110111111100000000000000000111111111111100000000001110000001111111111111111110000000000000000000001111111110
00000000000000000000000111111111011101111000001111000000001111110010000000000000001111111101110111111110010000000000000011111111100000000000000100000000011111111111111000000000000000000000000111000111
11100010000000000000000111111110011111100000111111110011111111111111100000000001111111111111111111111110111011111100000111111111110000000001000000000000001111101111110000000000000000000000000000000000
00111110000000000000000111111000001111000011111111111111111111111111111000000111111111111111111111111111111111111111100111111100010000000111110000000000000001001111100000011100000000000000000001110001
00000000000000000000000111100000001110001111111111111101111111111111111100000011111111111111111111111111111111101111000001110000000110011111111110000000000001000100000000011100000000000000011111111011
00000000000000000000011101110000001111111111111111111111111111111111111111100001111111111111111111111111111111111110000000000100001110010000111110110000000000010000000000010000010000000001111111111111
10000000000000000000001111110000000011111111111111111111111111111111111111110111111111111111111111111111111111111111000001001111111111000100011100111100010000010000000001111001111111110011111111111111
10000010000000000000000011110000001000111111111111111111111111111111111111111111111111111111111111111111111111111100011111111111111111111111110011000111111100000111000111111111111111111001111111111111
10000111000000000000000000000000001000000011111111111111111111111101111111111111111111111111111110001100001111000100111011111111111111111111111111110011100000000011111111111111111111111111111111111011
10001111000000000000000000000000000000000011111111111111111111111000001111111111111111111111111000100000011100000000010011111111111111111111111100111111000000000001111111111111111111111111111111000001
00001110000000000000000000000000000000000001111101111111111111110000111110001111111111110111110111110000111111000100001111111111111111111111111111111111100000011111111111111111111111111111111111100111
11000000000000000000000000000000000000000000011100111111111111111111111111011111111111100011110010000011111111000000011111111111111111111111111111111111111011111111111111111111111111111111111111100111
10000000000000000000000000000000000000000000001111111111111111111111111110011111111111100000111000000000010000000000011011111111111111111111111111111111111111111111111001001111111111111111111111111111
00000000000000000000000000000000000000000110001111111111001111110011110000011111111111110000001110000000000000000001111111111111111111111111111111111111111111111111110000000111111111111111111111111111
00000000000000000000000000000000000000000000000000111110000001111000100000001110000111110000000011100000000000000111111111111111111111111111111111111111111111111111000000000100111111111111111111111111
00000000000000000000000000000000000000000000000000001000000000111110000000000000000011100000000000111111000000001111111111111111111111111111111111111111111111111111100100111111111111111111111111111110
00000000000000000000000000000000000000000000000000000000000000000111000000000000001110000000000000001111000000001111111111111111111111111111111111111011111111111111111111111111111111111111111111111100
00000000000000000000000000000000000000000000000000000000000000000011111000000000001000000000000000000000000000001111111111111111110011100000111111110011111111111111111111111111111111111111111111111011
01100000000000000000000000000000000000000000000000000000000000000000011000000000000000000000100000000000000000111111111111111111000001100000010001111111111111111111111111111111111111111111111111111111
11110111100000000000000000000000000000000000000000000000000000000000000000000000000000000000000000000000000000011111111111100111000000001100000000111111111111111111111111111111111111111111111100011111
11111111110111000000000000000000000000000000000000000000000000000000000000000000000000000000000000000000000000011111111111000001000000000111000000111111111111111111111111111111111111111111111000111111
11111111111111110000000000000000000000000000000000000000000000000000000000000000000000000000000000000000000000011111110000010000000000000011100011111111111111111111111111111111111100111000110000011111
11111111111111110000000000000000000000000000000000000000000000000000000000000000000000000000000000000000000000000001000001110000000000000001000001000111111111111111111111111111111100000000000100111111
11111111111111111110011000000000000000000000000000000000000000000000000000000000000000000000000000000000000000000000000111000000000000000000000000001111111111111111111111111111001110000000001111111111
11111111111111111111111111111000000000000000000000000000000000000000000000000000000000000000000000000000000000000000000100000000000000000000000000000011111111111111111111111111000111100000011111111111
11111111111111111111111111111100000000000000000000000000000000000000000000000000000000000000000000000000000000000000010000000000000000000000000000000001111111111111111111111111100001110001111001111111
11111111111111111111111111111111100010001000000000000000000000000000000000000000000000000000000000000000000000000000000000000000000000000000000000000011111111111110111111111111000000000001110000111111
11111111111111111111111111111111111111111100000000000000000000000000000000000000000000000000000000000000000000000000000000000000000000000000000000000011111111100100011111111100000000000000000000011111
11111111111111111111111111111111111111111100000000000000000000000000000000000000000000000000000000000000000000000000000000000000000000000000000000000011111111100000111111110000000000000000000000001111
